# oST version 5.0 parameters


[image]

width
1624

height
1240

[narrow_stereo]

camera matrix
2704.223523 0.000000 804.454475
0.000000 2705.833407 632.847381
0.000000 0.000000 1.000000

distortion
-0.041045 0.184679 0.000457 -0.000592 0.000000

rectification
1.000000 0.000000 0.000000
0.000000 1.000000 0.000000
0.000000 0.000000 1.000000

projection
2699.024722 0.000000 803.954645 0.000000
0.000000 2701.326661 633.073421 0.000000
0.000000 0.000000 1.000000 0.000000